350	0.12499
351	0.12506
352	0.1254
353	0.12593
354	0.12661
355	0.12706
356	0.12744
357	0.12808
358	0.12864
359	0.12919
360	0.12969
361	0.13008
362	0.13056
363	0.13091
364	0.13116
365	0.13157
366	0.13164
367	0.13207
368	0.13309
369	0.13362
370	0.13435
371	0.13521
372	0.13607
373	0.13711
374	0.1379
375	0.13852
376	0.13925
377	0.13996
378	0.14072
379	0.14165
380	0.14257
381	0.14346
382	0.14448
383	0.14575
384	0.14711
385	0.14822
386	0.14897
387	0.14946
388	0.14998
389	0.15057
390	0.15132
391	0.1523
392	0.15352
393	0.15372
394	0.15555
395	0.15739
396	0.15779
397	0.15915
398	0.15975
399	0.15933
400	0.15937
401	0.1589
402	0.15878
403	0.15908
404	0.16028
405	0.16189
406	0.16341
407	0.16427
408	0.16569
409	0.16644
410	0.16659
411	0.16624
412	0.16714
413	0.168
414	0.16896
415	0.17068
416	0.17059
417	0.17075
418	0.17174
419	0.1724
420	0.17301
421	0.17393
422	0.17486
423	0.17521
424	0.17581
425	0.17653
426	0.17762
427	0.17923
428	0.18004
429	0.18078
430	0.18276
431	0.18362
432	0.18421
433	0.18509
434	0.18571
435	0.1866
436	0.18746
437	0.18807
438	0.18911
439	0.19056
440	0.19169
441	0.1924
442	0.19294
443	0.19337
444	0.19422
445	0.19557
446	0.19644
447	0.19721
448	0.19801
449	0.19842
450	0.19909
451	0.20018
452	0.20089
453	0.20118
454	0.20203
455	0.20303
456	0.2034
457	0.20385
458	0.20422
459	0.20458
460	0.2048
461	0.20532
462	0.20564
463	0.2062
464	0.20702
465	0.20775
466	0.20838
467	0.20892
468	0.20913
469	0.2095
470	0.2099
471	0.21019
472	0.21082
473	0.21149
474	0.2117
475	0.21191
476	0.2125
477	0.21327
478	0.21365
479	0.21392
480	0.2146
481	0.21531
482	0.21597
483	0.21693
484	0.21784
485	0.21847
486	0.21907
487	0.21966
488	0.22027
489	0.2212
490	0.22135
491	0.22211
492	0.22278
493	0.22345
494	0.22465
495	0.22521
496	0.22547
497	0.22603
498	0.22733
499	0.22851
500	0.22928
501	0.22988
502	0.23049
503	0.23109
504	0.23175
505	0.2329
506	0.23369
507	0.23452
508	0.23544
509	0.23603
510	0.23677
511	0.23774
512	0.23821
513	0.23924
514	0.24019
515	0.24083
516	0.24186
517	0.24258
518	0.24342
519	0.2441
520	0.2446
521	0.24533
522	0.24624
523	0.24679
524	0.24787
525	0.24885
526	0.24964
527	0.25096
528	0.25163
529	0.25207
530	0.25276
531	0.25392
532	0.25499
533	0.2557
534	0.25657
535	0.25761
536	0.25858
537	0.25928
538	0.26009
539	0.26077
540	0.26167
541	0.26248
542	0.26344
543	0.264
544	0.26469
545	0.26583
546	0.26657
547	0.26732
548	0.26829
549	0.26924
550	0.2702
551	0.27174
552	0.27251
553	0.27354
554	0.27469
555	0.2759
556	0.2769
557	0.27809
558	0.27889
559	0.27953
560	0.27985
561	0.28073
562	0.2814
563	0.28187
564	0.28267
565	0.28345
566	0.28433
567	0.28517
568	0.28631
569	0.28738
570	0.28843
571	0.28924
572	0.29027
573	0.2911
574	0.29213
575	0.29302
576	0.29387
577	0.29477
578	0.29541
579	0.29603
580	0.29683
581	0.29733
582	0.29784
583	0.29838
584	0.29865
585	0.29927
586	0.29975
587	0.30026
588	0.30107
589	0.30195
590	0.30259
591	0.30299
592	0.30367
593	0.3044
594	0.30506
595	0.30558
596	0.3061
597	0.30652
598	0.30685
599	0.30755
600	0.30793
601	0.30834
602	0.30877
603	0.309
604	0.30927
605	0.30961
606	0.30998
607	0.31032
608	0.31062
609	0.31088
610	0.31094
611	0.31137
612	0.31164
613	0.31192
614	0.31182
615	0.31234
616	0.31259
617	0.3125
618	0.31293
619	0.31337
620	0.31327
621	0.31348
622	0.3137
623	0.31393
624	0.31425
625	0.31441
626	0.31443
627	0.31457
628	0.31478
629	0.3146
630	0.31469
631	0.31511
632	0.31495
633	0.3151
634	0.31553
635	0.31563
636	0.31549
637	0.31563
638	0.31567
639	0.31616
640	0.31632
641	0.31643
642	0.31685
643	0.31697
644	0.31709
645	0.31724
646	0.31762
647	0.31747
648	0.31759
649	0.31752
650	0.31796
651	0.31794
652	0.31814
653	0.31825
654	0.31833
655	0.31851
656	0.31885
657	0.31895
658	0.31887
659	0.31881
660	0.31903
661	0.31917
662	0.31926
663	0.31939
664	0.31959
665	0.3197
666	0.31946
667	0.31998
668	0.31996
669	0.31985
670	0.31998
671	0.32044
672	0.3206
673	0.32076
674	0.3209
675	0.32103
676	0.32105
677	0.3213
678	0.32139
679	0.32153
680	0.32189
681	0.32186
682	0.32198
683	0.32201
684	0.32229
685	0.3224
686	0.32223
687	0.32291
688	0.32339
689	0.32333
690	0.32335
691	0.32349
692	0.32333
693	0.32353
694	0.32404
695	0.32421
696	0.32398
697	0.32402
698	0.32415
699	0.3247
700	0.32486
701	0.32502
702	0.32517
703	0.3253
704	0.3254
705	0.32569
706	0.32594
707	0.32608
708	0.32619
709	0.32631
710	0.32644
711	0.32655
712	0.32667
713	0.32682
714	0.32686
715	0.32712
716	0.3272
717	0.32734
718	0.32793
719	0.3287
720	0.32888
721	0.3288
722	0.32847
723	0.32818
724	0.32891
725	0.3292
726	0.3293
727	0.32922
728	0.32933
729	0.32949
730	0.32973
731	0.3298
732	0.32981
733	0.32977
734	0.32974
735	0.32977
736	0.32995
737	0.33006
738	0.33014
739	0.33026
740	0.33033
741	0.33047
742	0.33064
743	0.33071
744	0.33081
745	0.33092
746	0.33105
747	0.33149
748	0.33155
749	0.3315
750	0.33178
751	0.33196
752	0.33209
753	0.33207
754	0.33217
755	0.33226
756	0.33239
757	0.33234
758	0.33122
759	0.33086
760	0.33198
761	0.33584
762	0.33561
763	0.33448
764	0.3347
765	0.33499
766	0.33492
767	0.33438
768	0.33405
769	0.33404
770	0.33414
771	0.33425
772	0.33431
773	0.33425
774	0.33436
775	0.33449
776	0.33437
777	0.33443
778	0.33472
779	0.33486
780	0.33506
781	0.33509
782	0.33515
783	0.33526
784	0.33539
785	0.33543
786	0.33529
787	0.3355
788	0.33579
789	0.33586
790	0.33593
791	0.33608
792	0.33618
793	0.33627
794	0.3363
795	0.33631
796	0.3361
797	0.33598
798	0.33627
799	0.33632
800	0.33635
801	0.33636
802	0.33641
803	0.33645
804	0.33646
805	0.33641
806	0.33651
807	0.33641
808	0.33636
809	0.33637
810	0.33624
811	0.33622
812	0.33613
813	0.33613
814	0.33623
815	0.33648
816	0.33664
817	0.33664
818	0.33684
819	0.33659
820	0.33612
821	0.33571
822	0.33585
823	0.33622
824	0.33624
825	0.33553
826	0.33506
827	0.33508
828	0.33496
829	0.33501
830	0.33508
831	0.33481
832	0.33482
833	0.33502
834	0.3346
835	0.33432
836	0.33402
837	0.33345
838	0.33341
839	0.33328
840	0.33333
841	0.33299
842	0.33285
843	0.33292
844	0.33286
845	0.33246
846	0.33231
847	0.33204
848	0.33183
849	0.33186
850	0.33171
851	0.33161
852	0.3314
853	0.33135
854	0.33183
855	0.33185
856	0.33145
857	0.33106
858	0.33061
859	0.33036
860	0.33042
861	0.33034
862	0.33016
863	0.32976
864	0.3295
865	0.32973
866	0.32983
867	0.32984
868	0.32978
869	0.32943
870	0.329
871	0.32882
872	0.32892
873	0.32908
874	0.32897
875	0.32863
876	0.32888
877	0.3287
878	0.3286
879	0.32855
880	0.32848
881	0.32837
882	0.32811
883	0.32805
884	0.32797
885	0.32775
886	0.3277
887	0.32762
888	0.32761
889	0.32736
890	0.32726
891	0.32717
892	0.32709
893	0.32718
894	0.32725
895	0.32747
896	0.32764
897	0.32821
898	0.32864
899	0.32864
900	0.32906
901	0.32888
902	0.32823
903	0.32794
904	0.32739
905	0.32708
906	0.32724
907	0.32792
908	0.32806
909	0.32818
910	0.32807
911	0.32779
912	0.32795
913	0.32809
914	0.3282
915	0.32863
916	0.32863
917	0.3284
918	0.3282
919	0.32842
920	0.32773
921	0.3276
922	0.32765
923	0.3276
924	0.32795
925	0.32774
926	0.32741
927	0.3276
928	0.32767
929	0.32778
930	0.32866
931	0.33025
932	0.33094
933	0.33254
934	0.33396
935	0.33382
936	0.33303
937	0.33252
938	0.33132
939	0.33006
940	0.33001
941	0.32943
942	0.32919
943	0.33015
944	0.33087
945	0.33097
946	0.3314
947	0.33144
948	0.33118
949	0.3308
950	0.33085
951	0.33121
952	0.33145
953	0.33133
954	0.3312
955	0.3314
956	0.33184
957	0.33146
958	0.33101
959	0.33082
960	0.33076
961	0.33036
962	0.33043
963	0.33058
964	0.33108
965	0.33057
966	0.33023
967	0.32983
968	0.32948
969	0.32914
970	0.32855
971	0.32868
972	0.32928
973	0.32945
974	0.33062
975	0.33127
976	0.33082
977	0.33068
978	0.33034
979	0.33051
980	0.33097
981	0.33104
982	0.33134
983	0.33059
984	0.32985
985	0.33131
986	0.33241
987	0.33213
988	0.33122
989	0.33063
990	0.33141
991	0.33118
992	0.33106
993	0.33144
994	0.33084
995	0.33174
996	0.33196
997	0.33103
998	0.33204
999	0.3314
1000	0.33082
1001	0.3125
1002	0.31199
1003	0.31221
1004	0.31307
1005	0.31318
1006	0.31355
1007	0.31375
1008	0.3135
1009	0.31388
1010	0.31426
1011	0.3143
1012	0.31404
1013	0.31361
1014	0.31355
1015	0.31363
1016	0.31365
1017	0.3137
1018	0.31363
1019	0.31347
1020	0.31336
1021	0.31349
1022	0.31381
1023	0.31385
1024	0.31388
1025	0.31395
1026	0.31406
1027	0.31445
1028	0.3151
1029	0.31521
1030	0.31496
1031	0.31468
1032	0.31471
1033	0.31441
1034	0.31446
1035	0.31482
1036	0.31438
1037	0.31424
1038	0.3141
1039	0.31409
1040	0.31445
1041	0.31482
1042	0.3152
1043	0.31542
1044	0.3155
1045	0.31546
1046	0.31521
1047	0.31554
1048	0.3159
1049	0.31595
1050	0.31598
1051	0.31573
1052	0.31569
1053	0.31573
1054	0.31605
1055	0.31621
1056	0.31642
1057	0.31659
1058	0.3167
1059	0.31669
1060	0.31646
1061	0.31631
1062	0.31615
1063	0.31609
1064	0.31647
1065	0.31689
1066	0.31697
1067	0.31716
1068	0.3168
1069	0.3167
1070	0.31687
1071	0.31695
1072	0.31719
1073	0.3174
1074	0.31778
1075	0.31778
1076	0.31783
1077	0.31773
1078	0.31797
1079	0.31775
1080	0.31753
1081	0.31793
1082	0.31799
1083	0.31807
1084	0.31847
1085	0.31901
1086	0.31902
1087	0.31915
1088	0.31926
1089	0.31905
1090	0.31916
1091	0.31929
1092	0.31963
1093	0.31958
1094	0.31969
1095	0.31979
1096	0.31992
1097	0.32007
1098	0.32054
1099	0.32042
1100	0.32074
1101	0.32096
1102	0.32082
1103	0.32133
1104	0.32167
1105	0.32214
1106	0.32236
1107	0.32256
1108	0.32265
1109	0.32279
1110	0.32279
1111	0.32315
1112	0.32347
1113	0.32414
1114	0.32459
1115	0.3251
1116	0.32516
1117	0.32545
1118	0.3258
1119	0.32599
1120	0.32638
1121	0.32695
1122	0.32745
1123	0.32769
1124	0.32779
1125	0.32791
1126	0.328
1127	0.32768
1128	0.32747
1129	0.32733
1130	0.32729
1131	0.32689
1132	0.3268
1133	0.32677
1134	0.32685
1135	0.32679
1136	0.3271
1137	0.32711
1138	0.32681
1139	0.32677
1140	0.32695
1141	0.32713
1142	0.32712
1143	0.3275
1144	0.32768
1145	0.32762
1146	0.32791
1147	0.328
1148	0.32806
1149	0.32819
1150	0.3284
1151	0.32854
1152	0.32873
1153	0.3285
1154	0.32843
1155	0.32833
1156	0.32815
1157	0.32811
1158	0.32822
1159	0.32824
1160	0.32812
1161	0.32795
1162	0.32829
1163	0.32801
1164	0.32809
1165	0.32804
1166	0.3279
1167	0.32796
1168	0.3281
1169	0.32819
1170	0.32833
1171	0.3287
1172	0.32883
1173	0.329
1174	0.32917
1175	0.32931
1176	0.32945
1177	0.32956
1178	0.32968
1179	0.32983
1180	0.33002
1181	0.33028
1182	0.33047
1183	0.33065
1184	0.33082
1185	0.33108
1186	0.33141
1187	0.33155
1188	0.33174
1189	0.33164
1190	0.33176
1191	0.33203
1192	0.33241
1193	0.33249
1194	0.33265
1195	0.33286
1196	0.33303
1197	0.333
1198	0.33318
1199	0.33356
1200	0.33374
1201	0.33392
1202	0.33412
1203	0.33431
1204	0.3345
1205	0.33467
1206	0.33484
1207	0.33512
1208	0.33526
1209	0.33544
1210	0.33563
1211	0.33581
1212	0.33598
1213	0.33611
1214	0.33625
1215	0.33643
1216	0.33647
1217	0.33668
1218	0.33665
1219	0.33683
1220	0.33698
1221	0.33713
1222	0.33749
1223	0.33763
1224	0.33778
1225	0.33774
1226	0.33788
1227	0.33824
1228	0.33839
1229	0.33869
1230	0.33877
1231	0.33898
1232	0.33895
1233	0.33911
1234	0.3393
1235	0.33967
1236	0.33962
1237	0.34001
1238	0.34022
1239	0.3404
1240	0.34073
1241	0.34111
1242	0.34126
1243	0.34143
1244	0.3414
1245	0.34157
1246	0.34195
1247	0.34214
1248	0.34232
1249	0.34232
1250	0.34254
1251	0.34258
1252	0.34254
1253	0.34273
1254	0.3428
1255	0.34304
1256	0.34337
1257	0.34357
1258	0.34378
1259	0.34383
1260	0.34415
1261	0.34471
1262	0.3449
1263	0.3454
1264	0.34557
1265	0.34563
1266	0.3458
1267	0.34598
1268	0.34614
1269	0.34628
1270	0.34623
1271	0.3464
1272	0.34656
1273	0.34674
1274	0.34693
1275	0.34711
1276	0.34753
1277	0.3477
1278	0.34787
1279	0.34803
1280	0.34816
1281	0.34833
1282	0.34833
1283	0.3485
1284	0.34865
1285	0.34883
1286	0.34901
1287	0.34919
1288	0.34959
1289	0.34977
1290	0.34991
1291	0.35008
1292	0.35027
1293	0.35048
1294	0.35068
1295	0.35088
1296	0.35121
1297	0.35141
1298	0.35164
1299	0.35175
1300	0.35195
1301	0.35214
1302	0.35234
1303	0.35229
1304	0.35239
1305	0.35271
1306	0.35308
1307	0.35352
1308	0.35374
1309	0.35389
1310	0.35423
1311	0.35471
1312	0.35492
1313	0.3551
1314	0.3553
1315	0.35525
1316	0.35532
1317	0.35534
1318	0.35545
1319	0.35567
1320	0.35591
1321	0.35616
1322	0.35656
1323	0.35683
1324	0.35734
1325	0.3576
1326	0.35783
1327	0.35808
1328	0.35798
1329	0.35825
1330	0.35834
1331	0.35862
1332	0.35889
1333	0.35916
1334	0.35944
1335	0.35989
1336	0.36007
1337	0.36029
1338	0.36059
1339	0.36083
1340	0.36102
1341	0.36135
1342	0.36184
1343	0.36226
1344	0.36277
1345	0.36332
1346	0.36382
1347	0.3645
1348	0.36516
1349	0.36602
1350	0.36681
1351	0.36771
1352	0.36871
1353	0.3697
1354	0.37103
1355	0.37255
1356	0.37443
1357	0.37654
1358	0.37908
1359	0.38175
1360	0.38522
1361	0.38768
1362	0.39165
1363	0.39441
1364	0.3973
1365	0.3996
1366	0.40078
1367	0.39861
1368	0.39761
1369	0.3969
1370	0.39566
1371	0.39499
1372	0.39428
1373	0.39337
1374	0.39242
1375	0.39122
1376	0.39067
1377	0.39019
1378	0.38977
1379	0.38919
1380	0.38863
1381	0.38764
1382	0.38715
1383	0.38615
1384	0.3849
1385	0.38412
1386	0.38309
1387	0.38205
1388	0.38192
1389	0.38084
1390	0.37907
1391	0.37771
1392	0.37591
1393	0.37457
1394	0.37346
1395	0.37212
1396	0.37073
1397	0.36943
1398	0.36799
1399	0.36673
1400	0.36554
1401	0.36438
1402	0.36337
1403	0.36221
1404	0.36115
1405	0.35994
1406	0.35903
1407	0.35785
1408	0.35703
1409	0.35666
1410	0.35615
1411	0.35596
1412	0.35579
1413	0.35536
1414	0.35567
1415	0.35594
1416	0.35646
1417	0.35751
1418	0.35827
1419	0.35883
1420	0.35969
1421	0.36048
1422	0.3613
1423	0.36226
1424	0.363
1425	0.36367
1426	0.36437
1427	0.36532
1428	0.36597
1429	0.36657
1430	0.36721
1431	0.36789
1432	0.36847
1433	0.36887
1434	0.36938
1435	0.3697
1436	0.37006
1437	0.37038
1438	0.3709
1439	0.37133
1440	0.3716
1441	0.37175
1442	0.37192
1443	0.372
1444	0.37204
1445	0.372
1446	0.37202
1447	0.37203
1448	0.37169
1449	0.37168
1450	0.37175
1451	0.37163
1452	0.37166
1453	0.3717
1454	0.37193
1455	0.37218
1456	0.37254
1457	0.37256
1458	0.37232
1459	0.37226
1460	0.37215
1461	0.37192
1462	0.37212
1463	0.37233
1464	0.37279
1465	0.37304
1466	0.37336
1467	0.37361
1468	0.37388
1469	0.37407
1470	0.37417
1471	0.37428
1472	0.37432
1473	0.37437
1474	0.37442
1475	0.37423
1476	0.37443
1477	0.37422
1478	0.37424
1479	0.37413
1480	0.37421
1481	0.37427
1482	0.37443
1483	0.37451
1484	0.37464
1485	0.37475
1486	0.37511
1487	0.375
1488	0.37503
1489	0.3753
1490	0.37551
1491	0.37555
1492	0.37557
1493	0.37562
1494	0.37563
1495	0.37563
1496	0.37568
1497	0.37558
1498	0.37563
1499	0.37549
1500	0.37558
1501	0.37571
1502	0.37582
1503	0.37595
1504	0.37629
1505	0.3764
1506	0.3765
1507	0.37659
1508	0.37668
1509	0.37688
1510	0.37697
1511	0.37695
1512	0.37705
1513	0.37716
1514	0.37703
1515	0.37712
1516	0.37722
1517	0.37732
1518	0.37741
1519	0.37748
1520	0.37755
1521	0.37783
1522	0.37789
1523	0.37772
1524	0.37778
1525	0.37783
1526	0.37776
1527	0.37797
1528	0.37805
1529	0.37805
1530	0.37813
1531	0.37819
1532	0.37827
1533	0.37808
1534	0.37799
1535	0.37807
1536	0.37829
1537	0.37861
1538	0.37885
1539	0.37896
1540	0.37906
1541	0.37915
1542	0.37911
1543	0.37901
1544	0.37912
1545	0.37946
1546	0.37972
1547	0.37985
1548	0.37995
1549	0.38007
1550	0.37984
1551	0.37996
1552	0.38007
1553	0.38019
1554	0.38053
1555	0.38062
1556	0.3809
1557	0.38103
1558	0.381
1559	0.38116
1560	0.38131
1561	0.38145
1562	0.382
1563	0.38224
1564	0.38233
1565	0.38246
1566	0.38242
1567	0.38234
1568	0.38249
1569	0.38262
1570	0.38275
1571	0.38273
1572	0.38287
1573	0.38302
1574	0.38329
1575	0.38344
1576	0.38384
1577	0.384
1578	0.38418
1579	0.38413
1580	0.3841
1581	0.38421
1582	0.38432
1583	0.38441
1584	0.38468
1585	0.38504
1586	0.38492
1587	0.38546
1588	0.38561
1589	0.38573
1590	0.38583
1591	0.38592
1592	0.386
1593	0.38597
1594	0.38573
1595	0.38585
1596	0.38595
1597	0.38604
1598	0.38615
1599	0.38642
1600	0.38693
1601	0.38706
1602	0.38722
1603	0.38733
1604	0.38743
1605	0.38745
1606	0.38734
1607	0.38747
1608	0.38749
1609	0.38739
1610	0.38751
1611	0.38762
1612	0.38808
1613	0.38816
1614	0.38848
1615	0.3886
1616	0.38876
1617	0.38865
1618	0.38862
1619	0.38873
1620	0.38856
1621	0.38863
1622	0.38873
1623	0.38884
1624	0.38894
1625	0.38934
1626	0.38962
1627	0.38971
1628	0.38982
1629	0.38989
1630	0.39034
1631	0.39043
1632	0.39011
1633	0.39016
1634	0.3902
1635	0.39031
1636	0.39049
1637	0.39063
1638	0.39043
1639	0.39057
1640	0.39063
1641	0.39075
1642	0.39124
1643	0.39134
1644	0.39108
1645	0.39119
1646	0.39092
1647	0.39101
1648	0.39153
1649	0.39168
1650	0.39165
1651	0.39179
1652	0.39168
1653	0.39174
1654	0.39184
1655	0.39192
1656	0.39202
1657	0.39216
1658	0.39225
1659	0.3923
1660	0.39236
1661	0.3923
1662	0.39239
1663	0.39251
1664	0.39262
1665	0.39245
1666	0.39252
1667	0.39287
1668	0.39315
1669	0.39327
1670	0.39363
1671	0.39351
1672	0.39346
1673	0.39332
1674	0.39339
1675	0.39343
1676	0.39379
1677	0.39405
1678	0.39437
1679	0.39448
1680	0.39413
1681	0.39379
1682	0.39396
1683	0.39414
1684	0.39427
1685	0.39436
1686	0.39404
1687	0.39411
1688	0.39426
1689	0.39443
1690	0.39465
1691	0.39495
1692	0.39542
1693	0.3955
1694	0.39561
1695	0.39576
1696	0.39551
1697	0.39534
1698	0.39541
1699	0.39533
1700	0.39548
1701	0.39555
1702	0.39569
1703	0.39581
1704	0.39599
1705	0.39611
1706	0.39617
1707	0.39628
1708	0.39598
1709	0.39608
1710	0.39648
1711	0.39674
1712	0.39683
1713	0.39691
1714	0.39694
1715	0.39699
1716	0.3969
1717	0.39668
1718	0.39631
1719	0.39662
1720	0.3967
1721	0.39676
1722	0.39701
1723	0.39711
1724	0.39715
1725	0.3976
1726	0.39788
1727	0.39787
1728	0.39804
1729	0.39836
1730	0.3981
1731	0.39794
1732	0.39794
1733	0.39778
1734	0.39776
1735	0.39794
1736	0.39806
1737	0.39841
1738	0.3986
1739	0.39821
1740	0.39818
1741	0.39771
1742	0.39754
1743	0.39753
1744	0.39755
1745	0.39767
1746	0.39792
1747	0.39826
1748	0.39846
1749	0.39863
1750	0.39841
1751	0.39807
1752	0.39798
1753	0.39771
1754	0.39779
1755	0.39768
1756	0.39788
1757	0.3981
1758	0.39841
1759	0.39845
1760	0.3987
1761	0.39885
1762	0.39879
1763	0.39863
1764	0.39873
1765	0.39842
1766	0.39893
1767	0.39938
1768	0.39962
1769	0.39987
1770	0.3997
1771	0.39973
1772	0.39944
1773	0.39923
1774	0.39921
1775	0.39976
1776	0.40031
1777	0.40089
1778	0.4012
1779	0.40171
1780	0.40154
1781	0.40156
1782	0.40145
1783	0.40136
1784	0.40143
1785	0.40154
1786	0.40184
1787	0.40251
1788	0.40296
1789	0.40294
1790	0.4033
1791	0.40275
1792	0.40271
1793	0.40314
1794	0.40318
1795	0.40338
1796	0.40393
1797	0.40399
1798	0.40436
1799	0.40524
1800	0.40606
1801	0.40384
1802	0.4054
1803	0.40576
1804	0.40489
1805	0.4051
1806	0.40581
1807	0.40653
1808	0.4075
1809	0.40843
1810	0.40921
1811	0.40927
1812	0.40915
1813	0.4097
1814	0.40964
1815	0.40985
1816	0.41008
1817	0.41039
1818	0.41085
1819	0.41145
1820	0.41247
1821	0.41319
1822	0.41322
1823	0.4138
1824	0.41443
1825	0.41584
1826	0.41754
1827	0.41856
1828	0.4195
1829	0.41938
1830	0.41926
1831	0.43126
1832	0.43324
1833	0.43435
1834	0.43631
1835	0.43809
1836	0.44183
1837	0.44808
1838	0.45224
1839	0.45522
1840	0.45185
1841	0.44739
1842	0.44513
1843	0.44451
1844	0.44716
1845	0.44861
1846	0.44998
1847	0.45205
1848	0.45191
1849	0.4515
1850	0.44983
1851	0.44486
1852	0.4467
1853	0.44595
1854	0.44341
1855	0.44175
1856	0.44236
1857	0.44046
1858	0.44232
1859	0.44671
1860	0.44631
1861	0.44778
1862	0.44671
1863	0.44663
1864	0.44931
1865	0.4474
1866	0.43902
1867	0.4379
1868	0.43842
1869	0.43752
1870	0.44005
1871	0.44727
1872	0.44597
1873	0.4419
1874	0.44501
1875	0.44437
1876	0.445
1877	0.44874
1878	0.44607
1879	0.44216
1880	0.43826
1881	0.43236
1882	0.4274
1883	0.4241
1884	0.42263
1885	0.42207
1886	0.421
1887	0.42026
1888	0.41953
1889	0.41858
1890	0.41743
1891	0.41733
1892	0.41773
1893	0.4184
1894	0.42006
1895	0.41995
1896	0.41681
1897	0.41432
1898	0.41261
1899	0.40889
1900	0.4081
1901	0.41111
1902	0.412
1903	0.41456
1904	0.41548
1905	0.41324
1906	0.41514
1907	0.4155
1908	0.41556
1909	0.41505
1910	0.41286
1911	0.40944
1912	0.40299
1913	0.40074
1914	0.39935
1915	0.39749
1916	0.39689
1917	0.39516
1918	0.39249
1919	0.39063
1920	0.39002
1921	0.38956
1922	0.39009
1923	0.391
1924	0.39129
1925	0.39179
1926	0.39124
1927	0.38873
1928	0.38815
1929	0.38835
1930	0.38792
1931	0.38829
1932	0.38845
1933	0.38758
1934	0.38619
1935	0.38446
1936	0.38356
1937	0.38273
1938	0.38163
1939	0.38125
1940	0.38208
1941	0.38247
1942	0.38244
1943	0.38188
1944	0.38057
1945	0.37972
1946	0.37845
1947	0.37811
1948	0.37856
1949	0.37848
1950	0.37813
1951	0.37792
1952	0.37855
1953	0.37926
1954	0.37971
1955	0.38037
1956	0.38122
1957	0.38112
1958	0.38156
1959	0.38215
1960	0.38211
1961	0.38165
1962	0.38178
1963	0.3822
1964	0.38215
1965	0.38246
1966	0.38282
1967	0.38237
1968	0.38146
1969	0.38148
1970	0.38118
1971	0.38132
1972	0.38184
1973	0.38211
1974	0.38248
1975	0.38249
1976	0.38269
1977	0.38317
1978	0.38309
1979	0.38312
1980	0.38327
1981	0.38261
1982	0.38231
1983	0.38209
1984	0.38226
1985	0.38304
1986	0.38344
1987	0.3843
1988	0.3847
1989	0.38509
1990	0.38537
1991	0.38543
1992	0.38576
1993	0.3861
1994	0.38599
1995	0.38631
1996	0.387
1997	0.38758
1998	0.38822
1999	0.38855
2000	0.38819
2001	0.38846
2002	0.38881
2003	0.3893
2004	0.38927
2005	0.38981
2006	0.39066
2007	0.39066
2008	0.39141
2009	0.39289
2010	0.39322
2011	0.39355
2012	0.39376
2013	0.39276
2014	0.39312
2015	0.39407
2016	0.39481
2017	0.39473
2018	0.39538
2019	0.3953
2020	0.39484
2021	0.39541
2022	0.39628
2023	0.3971
2024	0.39824
2025	0.399
2026	0.39913
2027	0.39908
2028	0.39886
2029	0.39895
2030	0.39921
2031	0.39989
2032	0.3997
2033	0.40062
2034	0.40064
2035	0.40033
2036	0.40047
2037	0.4009
2038	0.40121
2039	0.40102
2040	0.40119
2041	0.40149
2042	0.40165
2043	0.40214
2044	0.40229
2045	0.40248
2046	0.40273
2047	0.40322
2048	0.40304
2049	0.4033
2050	0.40354
2051	0.40362
2052	0.40404
2053	0.40435
2054	0.40516
2055	0.40528
2056	0.40513
2057	0.40549
2058	0.40557
2059	0.40575
2060	0.40581
2061	0.40604
2062	0.40556
2063	0.40528
2064	0.40524
2065	0.4054
2066	0.40572
2067	0.40645
2068	0.4066
2069	0.40662
2070	0.40654
2071	0.4066
2072	0.40643
2073	0.4061
2074	0.40587
2075	0.40491
2076	0.40514
2077	0.40531
2078	0.40564
2079	0.40534
2080	0.40611
2081	0.40627
2082	0.40569
2083	0.40585
2084	0.40534
2085	0.40584
2086	0.40669
2087	0.40659
2088	0.40664
2089	0.40629
2090	0.40496
2091	0.40479
2092	0.40453
2093	0.40473
2094	0.40558
2095	0.40566
2096	0.40588
2097	0.40594
2098	0.40611
2099	0.40603
2100	0.40601
2101	0.40631
2102	0.40574
2103	0.4048
2104	0.40464
2105	0.40397
2106	0.4039
2107	0.40478
2108	0.40464
2109	0.40504
2110	0.40517
2111	0.40473
2112	0.40421
2113	0.40372
2114	0.40302
2115	0.40259
2116	0.40224
2117	0.40215
2118	0.4024
2119	0.40256
2120	0.40274
2121	0.40278
2122	0.40235
2123	0.40223
2124	0.40226
2125	0.40198
2126	0.40213
2127	0.40228
2128	0.40246
2129	0.40268
2130	0.40233
2131	0.40201
2132	0.40202
2133	0.40327
2134	0.40362
2135	0.40433
2136	0.40434
2137	0.40353
2138	0.4031
2139	0.40329
2140	0.40288
2141	0.40307
2142	0.40294
2143	0.40271
2144	0.40253
2145	0.40191
2146	0.40127
2147	0.40093
2148	0.40036
2149	0.40038
2150	0.40012
2151	0.40055
2152	0.40054
2153	0.4004
2154	0.40013
2155	0.39926
2156	0.39741
2157	0.39695
2158	0.3963
2159	0.39575
2160	0.39546
2161	0.39529
2162	0.39496
2163	0.39427
2164	0.39347
2165	0.39273
2166	0.39141
2167	0.3908
2168	0.39001
2169	0.3893
2170	0.38862
2171	0.38749
2172	0.38686
2173	0.3862
2174	0.38557
2175	0.38449
2176	0.38389
2177	0.38278
2178	0.38164
2179	0.38118
2180	0.3799
2181	0.37803
2182	0.37622
2183	0.37474
2184	0.37323
2185	0.37199
2186	0.37084
2187	0.3702
2188	0.36923
2189	0.36825
2190	0.36676
2191	0.36352
2192	0.36133
2193	0.35945
2194	0.35738
2195	0.35584
2196	0.35487
2197	0.35391
2198	0.35368
2199	0.35315
2200	0.35236
2201	0.35145
2202	0.35091
2203	0.35015
2204	0.3492
2205	0.34898
2206	0.34959
2207	0.34915
2208	0.34908
2209	0.34827
2210	0.34674
2211	0.34608
2212	0.34505
2213	0.34496
2214	0.34546
2215	0.34569
2216	0.34647
2217	0.34655
2218	0.34639
2219	0.34632
2220	0.34699
2221	0.34727
2222	0.34748
2223	0.34771
2224	0.34773
2225	0.34832
2226	0.34826
2227	0.34864
2228	0.34883
2229	0.34875
2230	0.34895
2231	0.3498
2232	0.35007
2233	0.35077
2234	0.35139
2235	0.35196
2236	0.35244
2237	0.35393
2238	0.35442
2239	0.35458
2240	0.35385
2241	0.35245
2242	0.35184
2243	0.35137
2244	0.35149
2245	0.35233
2246	0.35253
2247	0.35209
2248	0.35133
2249	0.3498
2250	0.34835
2251	0.34761
2252	0.34716
2253	0.34757
2254	0.34807
2255	0.34802
2256	0.34833
2257	0.34866
2258	0.34873
2259	0.34888
2260	0.34915
2261	0.3493
2262	0.34663
2263	0.34709
2264	0.34733
2265	0.34816
2266	0.34818
2267	0.34833
2268	0.34886
2269	0.34923
2270	0.34827
2271	0.34855
2272	0.3489
2273	0.34956
2274	0.35051
2275	0.35099
2276	0.35111
2277	0.35108
2278	0.35135
2279	0.3516
2280	0.35156
2281	0.35205
2282	0.35195
2283	0.35221
2284	0.35262
2285	0.35274
2286	0.35243
2287	0.35174
2288	0.34991
2289	0.34836
2290	0.34817
2291	0.34744
2292	0.34775
2293	0.3481
2294	0.34667
2295	0.34635
2296	0.34575
2297	0.34514
2298	0.34444
2299	0.3434
2300	0.34277
2301	0.34245
2302	0.34223
2303	0.34154
2304	0.34084
2305	0.34007
2306	0.33886
2307	0.33537
2308	0.33439
2309	0.33435
2310	0.33393
2311	0.33488
2312	0.33441
2313	0.33261
2314	0.33105
2315	0.32875
2316	0.32737
2317	0.32625
2318	0.32532
2319	0.3246
2320	0.32362
2321	0.32404
2322	0.32309
2323	0.32238
2324	0.32143
2325	0.32008
2326	0.31899
2327	0.31715
2328	0.31578
2329	0.31471
2330	0.31393
2331	0.31279
2332	0.31214
2333	0.31309
2334	0.31335
2335	0.31284
2336	0.31222
2337	0.31122
2338	0.3111
2339	0.31098
2340	0.30825
2341	0.30728
2342	0.30647
2343	0.30398
2344	0.30307
2345	0.3038
2346	0.30318
2347	0.30234
2348	0.30252
2349	0.30296
2350	0.30351
2351	0.3046
2352	0.30524
2353	0.30525
2354	0.30572
2355	0.30659
2356	0.3073
2357	0.30757
2358	0.30751
2359	0.30847
2360	0.30903
2361	0.30963
2362	0.31069
2363	0.31152
2364	0.31204
2365	0.31262
2366	0.31543
2367	0.31636
2368	0.31771
2369	0.31912
2370	0.32019
2371	0.32115
2372	0.32137
2373	0.32105
2374	0.32112
2375	0.32206
2376	0.32398
2377	0.32528
2378	0.32653
2379	0.32629
2380	0.32489
2381	0.32419
2382	0.32217
2383	0.32231
2384	0.32355
2385	0.32474
2386	0.32506
2387	0.32466
2388	0.324
2389	0.32356
2390	0.32327
2391	0.32333
2392	0.3237
2393	0.32403
2394	0.32376
2395	0.32319
2396	0.32302
2397	0.32321
2398	0.32324
2399	0.32383
2400	0.32388
2401	0.32366
2402	0.32595
2403	0.32638
2404	0.32668
2405	0.32611
2406	0.32507
2407	0.32595
2408	0.32638
2409	0.32717
2410	0.32591
2411	0.3257
2412	0.32552
2413	0.32542
2414	0.32648
2415	0.32833
2416	0.32908
2417	0.33023
2418	0.33049
2419	0.32822
2420	0.32531
2421	0.32235
2422	0.3198
2423	0.31925
2424	0.31998
2425	0.31908
2426	0.31866
2427	0.31817
2428	0.31802
2429	0.31659
2430	0.3149
2431	0.31464
2432	0.31297
2433	0.31097
2434	0.31183
2435	0.31144
2436	0.3106
2437	0.31193
2438	0.30981
2439	0.3092
2440	0.31003
2441	0.30945
2442	0.3105
2443	0.31157
2444	0.31151
2445	0.31103
2446	0.31158
2447	0.31107
2448	0.3118
2449	0.31518
2450	0.31721
2451	0.31673
2452	0.31247
2453	0.30999
2454	0.30893
2455	0.30844
2456	0.31056
2457	0.31035
2458	0.3081
2459	0.30761
2460	0.305
2461	0.30259
2462	0.30337
2463	0.30222
2464	0.30185
2465	0.30377
2466	0.305
2467	0.30573
2468	0.30605
2469	0.30617
2470	0.3045
2471	0.30176
2472	0.30132
2473	0.30158
2474	0.3006
2475	0.30089
2476	0.30183
2477	0.30274
2478	0.30428
2479	0.30886
2480	0.3101
2481	0.31058
2482	0.31024
2483	0.30366
2484	0.30328
2485	0.3081
2486	0.30915
2487	0.31509
2488	0.31623
2489	0.30592
2490	0.30451
2491	0.306
2492	0.30779
2493	0.31803
2494	0.31952
2495	0.32074
2496	0.32592
2497	0.31754
2498	0.31154
2499	0.30774
2500	0.29981
